x1 x2
7.949933878333690362e-01 1.697409896011587982e+00
-1.146560260442452517e+00 1.126573475341606789e+00
-7.955288908078410604e-01 9.529326089516250153e-01
2.737517900262005921e-01 -3.379844943519911826e-01
-1.316296794075062282e+00 6.244271849582497813e-01
9.006221932352714843e-02 7.269298950674799586e-01
-1.682737683780455962e+00 5.127693636274144318e-01
-8.682696167889076833e-01 -5.171751161129392038e-01
-4.333428158801803931e-02 3.579141652053633438e-01
-4.901067483187336871e-01 1.818813105745477499e+00
-1.482682974694950362e+00 1.220061687690089158e+00
-1.112160920602305092e+00 8.433860758924316414e-01
1.345837849616138060e+00 1.352809321753334348e+00
1.535901868787306057e+00 1.004675305259061568e+00
-6.731610069086461090e-01 -1.334813650348685599e+00
-3.498974014331883708e-01 4.643824067947351919e-01
1.581382183489332904e+00 8.504341595676668808e-01
7.675046988830209749e-01 2.141813248382200996e+00
-1.024690835971161507e+00 -9.424739303789186895e-01
7.423583209659753157e-01 3.163969632786028940e-02
-7.645215675682676126e-02 6.016524258114089863e-01
-1.674170091471274935e+00 -4.537930384779108595e-01
1.249064580498082666e-01 5.825009630192700127e-01
1.707889665245510447e+00 1.760657978517810696e+00
1.959734367125266774e-01 -6.483964580952943368e-01
1.033649875663939843e+00 7.097830336334470802e-01
-5.566835204648159507e-01 3.047330271524845147e-01
-1.724797693474905635e+00 -9.825758000721545038e-01
1.789315369633918407e-01 -4.098630218196145369e-01
-1.282411821648887562e+00 1.316824865736246464e+00
-9.322480692107051325e-01 -9.155177111592567307e-01
-7.043023280848064172e-01 1.091036220759193043e+00
-1.806124992742014213e-01 5.662342106902806815e-01
-4.009553817803246933e-01 1.528387151863170423e+00
2.176729991121845731e-01 -9.319908227332898143e-01
-1.551605848392383136e+00 5.642919158914381228e-01
7.217229204781221430e-01 -1.087163491100296975e-01
-1.601418037252762439e+00 6.166224594623290756e-01
1.496273808607969380e-01 1.916259087259217564e+00
8.640512457659388357e-01 5.358468826907043514e-01
5.689132404806387378e-01 1.130986789360495903e+00
7.381597406669986317e-01 2.331952572657930434e-01
-4.419317136593517992e-01 -3.264085721894515180e-01
-2.189344127430168513e-02 2.366161432371634898e+00
2.438982567209780072e-01 9.335371142623699603e-01
-7.248178248961327785e-01 -6.040055396000887367e-01
4.226245994343041379e-01 -3.336882994999489371e-01
1.106174814736434309e+00 2.095482326890257596e+00
-1.153095521998450224e+00 -7.953522822165695061e-01
5.003782972642417670e-01 7.173368903986040435e-01
-8.686291327557060793e-02 9.171108759490631535e-01
1.461063238813482767e+00 2.420647140347426118e-02
3.748769693725030883e-01 -6.008247412200273807e-01
-5.742812262704617421e-01 2.726262802797659868e-01
-1.426793327748637541e+00 1.571066494650973921e-01
1.441818291607564806e+00 2.679848706529107005e+00
-1.179008550360630680e+00 4.635378389980767677e-01
-3.712220676818212550e-01 -9.709562233770738793e-01
-2.369439052936286039e-01 2.102753245334070265e+00
1.257208629991085624e+00 1.192282438927678934e+00
-1.034855190760249011e+00 2.203904116597641960e-01
-1.235606240109857756e+00 -4.447648879162808822e-01
-2.908932648847353808e-01 5.608365436354362243e-01
1.091953083069896024e+00 -1.908896448475754237e+00
1.394354013849300467e+00 -9.860402165484905002e-01
-1.139833216796923177e+00 9.858798882983261791e-01
1.264700028721240210e+00 9.294490850416197159e-01
2.068584712657690061e-01 2.136521916525297438e-01
-1.327981397779316453e+00 8.306117140179396507e-01
7.813876907322295784e-01 1.991914852715928941e+00
1.162103360173409650e+00 -4.336897261518879443e-02
-2.028523346978092501e-01 1.004737703702077045e+00
-3.254283648364714177e-01 -2.054804499651067262e-01
-6.158255750529847417e-01 1.300087145172031722e+00
7.168037993175337963e-01 5.731342086321966622e-01
1.440605211069222236e+00 2.850944665611302997e-01
-7.165890547395926680e-01 2.468313419591797953e+00
-1.166010147993148616e+00 7.662704919328897635e-01
1.375576592021065858e+00 3.961265038790621751e-01
5.855220244585269684e-01 1.180897101825908457e+00
7.900892649948955127e-01 9.745485590858427027e-01
-1.248554328657321300e+00 -5.572281290427645306e-01
-1.566686982422238250e+00 -1.441137859366704133e+00
-4.777410596448013469e-01 9.323998535262983944e-01
-1.415045705479235583e+00 1.771460240721750790e+00
1.359878628654799027e+00 -5.859762559042145380e-01
-2.558543601899301856e-01 -7.796381873532494122e-01
1.076299195822297827e+00 4.973806170740742716e-01
7.893871346208416462e-01 1.129630973729568222e+00
-1.325845591070787366e+00 -5.733148901709381740e-01
-2.355938077277816844e-01 -1.448056312915065869e-01
1.376439306107358540e+00 4.735063655037352603e-01
1.200932412641124269e+00 1.524093590962024125e+00
3.056426216549399388e-01 1.779672723283570290e+00
-7.940074793250126994e-01 1.861699942902096172e+00
1.346100944115225628e+00 4.901292135328650934e-01
1.263473658976814740e+00 9.091082221891995108e-01
-1.072651746767238345e-01 7.935740653902557673e-01
9.260555965228910447e-01 1.641723523327280887e+00
1.050797368347655691e+00 1.160415816044899406e+00
1.704444391781026802e+00 9.947228618255568033e-01
1.492096671957919396e+00 3.585677512116088872e-01
-1.426184069969080648e+00 5.486030205055830722e-01
-1.086058113140394354e+00 6.246776235129800625e-01
3.476274729619491244e-02 -1.827611766996500187e+00
1.283734814439317251e+00 1.783901515825792483e+00
-7.152413794720682283e-01 3.414933448309018793e-01
2.003285442587561249e-01 2.361656039349002700e-02
7.690443918253979383e-02 3.019366541272170412e-01
-6.091944828110108512e-01 1.492596288217269640e+00
-8.091444056439082155e-01 1.143461777704327886e+00
5.268853815569692900e-01 1.687615126480050076e+00
2.040476292352592091e-01 1.640441498945257592e-01
-1.554910429850940634e+00 -8.093804061714025000e-01
-1.599706961681071959e+00 -8.725818014747903639e-01
-1.586211245361377031e+00 2.770207816362873499e-01
-1.096330504591968902e+00 3.486627171915290813e-02
3.148018674827675611e-01 2.303156894842669500e-01
2.943234496147018389e-02 -1.202040393251384343e+00
4.426047971910074819e-01 2.082358921907808913e+00
-3.666143265527672113e-01 3.967306682657225636e-01
1.544544860070875769e+00 6.175898101086098047e-01
-1.061460390720365465e+00 1.622404761741480517e+00
-4.420477725061615626e-01 1.176106824331180079e+00
-1.415961553006055862e+00 7.712988727415167611e-01
-1.153310164223440015e+00 1.768151986450522406e-01
-5.494569056182981859e-01 8.903863910865993381e-01
5.031395186702245503e-01 4.628711318703003785e-01
8.904445521513538742e-01 6.933777836280998752e-01
-4.749852884258486396e-01 7.790649911591849275e-01
7.526828885944424063e-02 2.572640274736170962e-01
1.657816073984405225e+00 1.278935293543000062e+00
2.339254096020502993e-01 -6.060602618840045253e-01
-1.063307027693816575e+00 -9.488149770421197005e-01
-6.568126790968524809e-01 -1.158429953607336582e+00
1.243174087412908912e+00 4.254801714658679179e-01
1.573389550319966634e+00 6.391813458778997648e-01
6.300951512445893687e-01 1.411104379925764762e+00
1.290255582236463860e+00 -8.422547819735810570e-01
1.693395678228876156e+00 -2.828811866116154317e-01
-2.411286033617038860e-01 -4.311140132490927090e-01
-2.617343370596462993e-02 6.797635700288909844e-01
1.143497977825282064e+00 -1.497003680235218903e+00
-1.924084521071910969e-01 -5.805985359995378126e-01
-5.059075940734508725e-01 1.422629150861664526e-01
-1.623588649189817934e+00 1.986790895618443020e+00
-1.288647421089027523e+00 8.260073154523364103e-01
1.609547336758207825e+00 -1.232469233127657438e+00
1.635209991552669218e+00 1.958336922925384860e+00
-5.425857454805667057e-01 1.423537779461692687e-01
-1.360549666815354053e+00 1.254202611557409419e+00
7.355240285282276247e-01 8.185376402346529190e-01
-3.885017991703161866e-01 5.847044985756759683e-01
1.325588174231325800e-01 1.301099284526818778e+00
-4.293984374223026035e-01 2.770926846516394981e-01
1.641022475532726066e+00 5.383299371233557506e-02
1.697574036543210152e+00 1.269017783603107574e+00
-1.664465577387108874e+00 9.853706912246208427e-01
-4.398803594488229773e-01 1.338516571048576909e+00
6.734552034952028254e-01 1.238142601441604818e+00
-1.445397705678009403e+00 1.449266631864792654e+00
1.721700369294849819e+00 -6.849228379547522838e-01
1.706795630444959633e+00 3.843359191021133436e-01
1.459122846453617228e+00 1.718033701184761286e+00
-5.600458018569702823e-01 4.817499348693527472e-01
-1.637792201659226121e+00 -1.166755757193879361e+00
-1.618227022652523717e+00 -6.924847842690851074e-01
-9.259642098297523605e-01 -2.642060743557761437e-01
8.393675638762863045e-01 -4.550970263140993177e-01
-1.194539050826614934e+00 7.076612428061399562e-01
-1.195125809002421047e+00 1.259260789136723346e+00
-8.779588792523089769e-01 5.684925788550967418e-01
5.317649857667910984e-01 4.106803478998046764e-01
-4.147865735649756691e-01 -6.097494651330461757e-01
6.001140448216328582e-02 6.074993885703930951e-01
1.741778811962066964e-01 -1.677594562393780464e-02
8.552120452872817580e-02 3.806868941872447176e-01
-7.662716533405952157e-01 8.076485424912305255e-01
1.236391891517387931e+00 7.866405011985831974e-01
6.082219873844684210e-01 8.670399925748777381e-01
-7.683623332537965755e-02 1.770644936924233415e+00
4.938635428924574855e-01 1.222142779368040055e-01
-1.432203988144091777e+00 1.876027364465004066e+00
2.723628470822751085e-02 -5.054461492750090823e-01
1.091881111438142288e-01 7.350324383850235233e-01
1.479300285739591603e+00 1.973974782286420648e+00
-4.206396517619038211e-01 1.183075672113744758e+00
1.593176044641075428e+00 1.263833373055323728e+00
-1.232431355503784270e-01 5.727316134468494191e-01
1.074920383284507119e+00 1.282802129844906380e+00
4.142203633767066462e-01 6.330955296637457153e-01
1.346238019813587261e+00 -2.372023066511066869e+00
-9.848699917327678743e-02 9.472788262874409781e-01
1.573062674657601079e+00 -3.706129048206919796e-01
-1.672384859299113513e+00 7.374967322336312137e-01
-4.285543333765974294e-01 4.518182233553766358e-01
7.437930990037290302e-01 1.794313992616972442e+00
-9.231114573563063974e-01 1.238742251719560095e+00
9.821174265901537748e-01 1.254917742478924403e+00
-8.938160525856653216e-01 1.383941183817033904e+00
2.544317623387244431e-01 2.888121998248942557e-01
-1.290298253977026688e+00 1.666886079785751540e-01
-6.234673506269108323e-01 2.308587092905735716e+00
2.935604752335786993e-01 2.149760387729534372e+00
1.956942446237262823e-01 -1.279459962747933055e+00
7.563135720394980055e-01 1.354207102218037750e+00
1.112751477212492679e+00 2.862641790631458294e-01
-1.268491518176676047e+00 -6.827057956657944793e-02
-1.340052693223978908e+00 1.683511683708645013e+00
1.373323286250547559e+00 1.142278636397136227e+00
2.025814646609324365e-01 7.804968491575128287e-01
1.053487099644719649e+00 -7.797487192024521452e-01
-5.292645806415637866e-01 9.444934501545433347e-01
-9.887357044926606831e-01 -1.177414994098757717e-01
-4.127814869456792324e-01 1.073167242145491418e+00
1.527833725406793075e+00 1.043967465938940631e+00
-8.827123774622899210e-01 9.882370121725889689e-01
-6.717247396606186305e-01 1.618218480219377087e+00
1.239044646380353942e+00 2.327495887353800974e+00
-8.325395934492452188e-01 2.412415588193136395e-01
-1.038563729439134109e+00 1.784348385986498364e-01
1.632427268670949783e+00 -8.194980238329048206e-01
1.368547234009059865e+00 2.125010520821724480e+00
3.435744585221744418e-01 3.974886174154003138e-01
-1.138562057764056279e+00 1.393422735759197728e-02
-3.593826299332184004e-01 5.813551390124597207e-01
1.315324948874272426e+00 4.339037806413119092e-01
-2.297323516818916278e-01 4.918017929427920265e-01
-1.840904160909402898e-01 8.683020649817940750e-01
9.535600503863267408e-01 1.459802505821767848e+00
8.918280576559406425e-01 3.038078806111431107e-01
-6.630947433209606334e-01 -8.203120590397403600e-01
1.570136782101164474e+00 6.586418026482605548e-01
-1.200531035719835660e-01 -5.853011575400646205e-02
2.840003165558826481e-01 -6.882575518543676552e-02
-2.638708117853877377e-01 -9.083823866175937400e-01
8.933874217455595179e-01 7.883433964848752806e-01
-4.558271306777871013e-02 1.323389230755599000e+00
1.024785435769987485e+00 1.854246771634522561e+00
-1.248698660981841124e+00 1.681719731647993155e-01
-1.580046142029253087e+00 -6.162708732818000801e-02
-1.600671677904634604e+00 2.810942300888895629e-01
2.859052086231285150e-01 -1.473151177618904351e+00
1.837601262369479571e-01 1.315012478712939359e+00
-2.098525558943484803e-01 -1.118840185402437459e+00
-1.684640474986605740e+00 -1.949394901614586173e-01
-9.611892198254214092e-02 -5.712625222151461735e-01
5.770365115370954534e-01 -3.125555576966819737e-01
6.084995320675751218e-01 1.057858492681524210e+00
-2.252974252011648304e-01 2.083419993059885567e+00
-1.484840653166310753e+00 -1.940605141858599003e-01
9.488033199668778339e-01 -1.246553401451749865e-01
-2.597746355267411267e-01 9.845146064768499627e-01
9.701624088370767174e-01 -4.554663762434331131e-01
-1.447425789472650104e+00 9.374752454775567845e-01
1.548052904659373619e+00 5.888909121243759426e-01
-1.329119122290931543e+00 1.099027405640523369e+00
-5.450042092033113850e-01 9.402086627691739196e-01
-9.614532275434322095e-01 9.243296419587521129e-01
1.504178712014961228e+00 1.129318390867729338e+00
1.016167342807778651e+00 3.589326794684177258e-01
-4.857559294690742546e-01 9.246061176228597134e-01
-9.078136939054487486e-01 -1.839169302551822982e-01
2.665580626432501044e-01 1.921704264202013679e+00
3.061339211128721871e-01 -1.042553240133276438e+00
-1.194800098458536297e+00 7.439168792378449968e-01
1.060695863105769687e+00 1.152876547883039837e+00
1.036187839286895729e+00 -9.863649658082471738e-01
-3.431105408291139636e-01 4.120005622092577369e-01
5.289194218650457024e-01 5.860809977608193444e-01
-3.416932068233132780e-01 -4.024083138886334066e-01
-5.130004128324543444e-01 -1.269930472148457667e+00
1.055375499363441216e+00 7.997921237738773170e-01
-8.652965690565721513e-01 2.186637386760922896e-01
-1.717241362600355314e+00 -1.609147841820982361e+00
-1.155662180926139815e+00 -3.938196773448692234e-01
-5.175556313865754543e-01 -1.958419625866592462e+00
1.674687410312008851e+00 1.514666835326984318e+00
8.126956037114664300e-01 1.218165608818069678e+00
7.339461003233154202e-01 -1.463478707049879590e+00
-1.268529168352867886e+00 -1.277228839401417515e+00
-6.770127993501217079e-01 2.369692250759042551e+00
-6.741930304626085890e-01 -4.901287294821501384e-01
-8.938629140361453729e-01 1.081307265002490636e+00
7.415165430067782726e-01 5.808237878313160518e-01
1.264210080094531952e+00 6.701124898251163975e-01
-1.125947661983120796e+00 4.901250238093202150e-02
-1.537114797760749108e+00 7.940737015359428108e-01
-1.284499565221867701e-01 4.064045562298577163e-01
1.461241984731226906e-01 6.778414113544020125e-01
1.323186386764762856e+00 2.382244187299806804e-01
4.600660733663253232e-01 1.260162011269874593e+00
-1.458856857193570888e-01 -2.021754536711617423e-02
-9.611233087255552920e-01 1.482829262701822248e+00
1.534736557490594899e+00 5.571934803672057290e-01
-1.491616762678717567e+00 1.547679678643650858e+00
1.529279283589906335e-01 1.749322987431063958e-01
-5.428545578939530936e-01 1.274190721482819200e+00
9.982790081464089083e-01 1.845816622164974108e-01
9.927133538215892061e-01 1.049592643578242113e-01
1.406991549481614090e+00 9.291771020821768534e-01
7.481919347278060961e-01 3.271441018863519012e-02
-1.522217667532718810e+00 8.117084247579864353e-02
1.369139650075947179e+00 -1.405841284445648043e+00
1.103357062959825274e+00 1.630616817838322907e-01
-9.851351397025378542e-01 -2.997330467757096661e-01
-1.660808607149468763e+00 2.302379201164214351e+00
-1.131461262403546497e+00 -1.500243693466551953e-02
-7.125357912088486900e-01 1.129762601774788378e+00
-1.239371403147637496e+00 -2.145597999961477154e-01
5.438449278354108296e-01 7.842315352389059857e-01
1.390005744394485543e+00 5.485704085371060357e-01
8.975335313952187422e-01 2.920248213776314161e-01
1.648736749846070548e+00 1.713349006117125040e+00
-3.404051802748061517e-01 -4.113799318851765197e-01
1.174920521545263608e+00 1.745072660942794007e+00
1.021517658636649450e+00 1.569487462069054651e+00
-9.729412171543889709e-01 8.024957379649423350e-01
-1.630867105486823454e-01 -4.407278245363799307e-01
1.591626924078256566e-01 8.211721928653528124e-01
-8.288922980076834923e-01 -4.718403372449985200e-01
5.864176024201955828e-01 -9.536589693314747596e-01
-1.279842911927099980e+00 4.524285528381390420e-01
1.486973935749548392e+00 8.949581570076465820e-01
6.165923428168711418e-01 8.677893371469618256e-01
-5.659557407005201268e-01 -6.230545076210793898e-01
-5.888213483062523790e-02 1.739377490149143779e-01
7.377562050786339309e-01 1.999788110658673235e+00
6.198534872776846338e-01 1.697069278172973927e+00
-8.258539559067954450e-01 9.980795972907101632e-01
-8.200840371551119945e-02 -9.357614018500368669e-01
7.889947956152301156e-01 1.391890216036080430e+00
-1.242032949903578487e+00 -2.626855798983598334e-01
9.684579506813814076e-01 1.222570489575420805e-01
-3.892061326067293714e-01 -2.140802056444554013e-01
1.462226927846322022e+00 -6.144630481098778407e-02
-3.641814913078839644e-01 7.015867874355525835e-01
-1.221808664494134611e+00 5.983054099844670182e-02
1.368927975884277060e-01 8.164555179498906856e-01
1.326296689838007081e+00 1.453275462292778375e+00
1.443939330986175884e+00 -2.649012494525875283e-01
-1.668399816406357816e+00 -2.891428198718021259e-01
1.494176157514951031e+00 5.306492313702609875e-01
9.676113782561246435e-01 4.448204256013922886e-01
9.835778121352485304e-01 -9.635345659589920064e-01
1.248651367403590812e-01 7.858197682226804037e-01
-5.131437318679936688e-01 2.077182895497859061e+00
-7.228206194573290055e-01 5.143853243254054020e-02
1.672225061132345036e+00 1.073752109791727305e+00
1.131063624665852307e+00 8.253113507303146967e-01
1.710186146220605385e+00 6.363445112568273387e-01
-1.487222041307925569e+00 -7.200093766155257757e-01
-1.600707435898656827e+00 5.450650477376253189e-01
5.308378687160654474e-02 3.915183074415579112e-01
-1.293961878398000920e+00 7.173602909350813572e-01
1.241097140764791940e+00 4.409094384782762388e-01
-1.091740930567296708e+00 1.473185184329742103e+00
-1.280416754145819347e+00 9.593809897463760894e-01
1.975653253999520853e-01 4.371862533022558561e-01
-5.689212793821868397e-01 2.600220151200228758e-01
-7.066829825639373563e-01 1.370620998939883650e+00
3.961576571323177087e-01 -7.853863540119787601e-01
5.545624631800755155e-01 9.641844746396048826e-01
-1.420509074133198713e+00 -8.752822449340351696e-01
-9.473300053668470833e-02 1.216129528141173699e+00
-7.529793179355872557e-01 7.679865879651239791e-01
-1.393835369112928158e+00 1.684614543414198473e-01
-1.338839740259472499e+00 1.141321074993482787e+00
-1.010563225636712748e+00 2.859159067316162650e-01
1.731226116777525137e+00 2.249957902742692473e-01
1.457905519883074597e+00 5.050850010269982704e-01
-1.445383589786794598e+00 -1.246003510474956499e+00
1.101887781995162019e+00 2.643235686151990116e-02
-1.535604914035818780e+00 1.260636940190859034e-01
1.148504667652954225e+00 1.245780412889821998e-01
-8.659532243610942315e-01 4.011059537465105351e-01
6.315884914111159487e-01 1.153235930127417763e+00
-1.597865661185176256e+00 -3.731062563211646754e-01
-1.808219624476868070e-01 7.291160159453367040e-01
8.630233644775114898e-01 -3.253770714584148793e-01
-1.134023790483796451e-01 5.169866930190127885e-01
3.718292536603367560e-01 1.607816017968554334e+00
-1.679404220250405144e+00 -5.495111169878161839e-01
-7.987104495159168260e-02 7.593607031142302066e-01
1.639879708040020478e+00 1.159073416434505344e+00
4.002037571586408715e-01 1.812776543187823775e+00
-1.274736314264180770e+00 1.120541772776367573e+00
-1.142096254916155518e+00 6.547312691966185039e-01
-1.666741847050926095e+00 1.685240779334225003e-01
-1.415717955858374344e-01 -1.219474894926874553e+00
-4.735224773498750150e-01 9.432908663845571695e-01
1.672237646748596374e-01 -1.411836990023773719e-01
1.064762529435574256e+00 -3.644716352862082953e-01
5.692592148178990952e-01 9.594677509327513842e-01
1.576439894833108202e+00 2.301154980776209946e+00
1.249516260572050452e+00 1.041163937542019857e+00
-1.542001294124447863e+00 6.188938693143741787e-01
1.609267123580897935e-02 1.039844243601721008e+00
-6.558626021392498506e-01 -2.878832513506823787e-02
-3.336262751253355474e-01 -2.251083852083885617e+00
-3.718459873917244196e-01 2.163949686017232032e+00
-1.459466520465925621e+00 2.444038366747368407e+00
3.100785556396050691e-01 1.034147416463258917e+00
1.795547041846316250e-01 -6.095938445328612509e-01
-1.239641218296427594e+00 -4.538998057623078175e-01
1.692261329268350822e+00 9.544800921236488156e-01
-1.287015930898195881e+00 3.973059992255029149e-01
-1.894466981769940550e-01 3.249427218867575462e-01
-1.599645379551001279e+00 1.114386125760645108e+00
3.409936706929707073e-01 4.498854002146377429e-01
1.275404070859172956e+00 8.163387503000618661e-01
4.630344500519742446e-01 1.230036829376689900e+00
-1.405360573216384967e+00 1.976922698771543363e+00
8.458277511021785600e-01 -7.277491203552624022e-01
7.943015589802135956e-01 6.297462434421309263e-01
1.276785216379314525e+00 -9.276316422468355860e-02
-1.487972586688816934e+00 1.266910587073037053e+00
-8.023970448963301250e-01 -4.888752188957264933e-01
-1.074954794063589292e+00 1.051636639382547367e+00
-5.106729206359458817e-02 6.318429351906563740e-01
1.801671680495038341e-01 -7.278568496305759528e-01
-1.622223918635694817e+00 -1.037329737346422309e+00
-1.688220388447810416e+00 6.117833285487169759e-01
-3.115855292911071661e-01 7.072690278211225534e-01
-2.215016343612173921e-01 7.419842255884858684e-01
1.196348507976058712e-01 -1.509402798353706832e+00
6.672472806322005123e-01 -2.926110291275628716e-01
9.737205058399699409e-01 -1.685964837817141682e+00
-6.803736257741972437e-01 1.577434337412147114e+00
-8.038035789600644909e-01 9.957717505374716893e-01
8.861166106254482200e-01 4.629870872793352410e-01
-8.181489462091767750e-01 1.033747228306006072e+00
-1.320619910132506458e+00 5.336663568276650560e-01
9.525956410278350051e-01 8.492256032942020472e-01
-7.750152104700829270e-01 1.859960463578909651e-01
-1.302071693713242606e+00 6.524993843564956819e-01
-5.534372353326044713e-01 7.520433794550390738e-01
7.070968062463588444e-01 -1.891604991896854715e-01
1.227475061640111331e+00 1.094701034420856534e+00
-1.072435681779570604e+00 -8.570358096648733603e-01
-2.214868180793174712e-01 1.253645950557088717e+00
-4.640165493016538134e-01 1.236235292652777318e+00
1.002307589468444560e+00 1.671084777688105483e+00
3.981529815725079469e-01 -2.706087475493653693e-01
-9.256227767863905997e-02 4.321810174210797828e-01
-1.195268573718422239e-01 8.107863030641709878e-02
1.012247085565166627e+00 2.666371458436033848e+00
-6.085680275471778700e-01 1.869085924207325888e+00
4.201472798851729751e-01 -8.176426792760993489e-02
-1.799762970169504761e-01 9.530606049704346550e-01
-1.859712360460314129e-01 1.324224544714137419e+00
-1.623625877345233670e+00 8.677727654471657504e-01
1.072034191559421812e+00 8.157769238122967170e-01
7.520576386556852011e-01 -2.398602131312932428e-01
-1.187678697554810370e+00 1.498567494610554274e+00
6.557231300074197744e-01 5.628659414942537298e-01
1.512020659348927154e+00 2.011711343606220392e+00
2.346544335994921460e-01 1.479943914079734801e+00
1.501445246114755161e+00 2.690863405102772443e-03
-7.641659461696357347e-01 -5.257156586276647836e-01
-1.006504335564325503e+00 1.609849753041874054e+00
3.719291318012284964e-01 9.149590625758624585e-01
6.001968825488473991e-02 2.428409383346924466e-01
9.763812080774965374e-02 1.837226201722619745e+00
1.492235910906837493e+00 -4.766565233608438534e-01
-3.415116005184354320e-01 6.958672983996614381e-01
-1.220248491030303084e+00 5.328973218535383305e-01
9.545694493418298288e-02 6.543057142350678923e-01
1.162171669535934093e-01 1.587450751596403364e+00
7.745437039954184977e-01 3.014917754986837561e+00
-1.289286479908280936e-01 1.231014520842472315e+00
1.713332124668854206e+00 5.618648109238116861e-02
-2.141908440372143341e-01 1.789960253237238286e-01
-9.722331030036085453e-01 5.709010544149610844e-01
-8.656670132777365412e-01 9.203701568609378159e-01
-1.163010839655290507e+00 -2.565181376677903025e-01
2.650439807123867730e-01 -4.232823096718321132e-01
7.684534442492778616e-01 -1.735912645528236986e-02
-1.549955882643934135e-01 -4.474579629523809388e-01
-9.922882644636813465e-01 8.196702536156076357e-01
3.004744303112398263e-01 -9.647909808111980734e-01
5.185490579330002126e-01 2.265397284022513169e+00
-1.093453458814544144e+00 1.547618562286018573e+00
9.459562984741044789e-02 8.341516365491237206e-01
-2.430869236206574246e-01 1.778748053121051109e+00
1.740213134148581031e-01 1.615719222881052408e+00
-1.604117125739682903e+00 -2.701947212731672376e-01
5.728191021106414649e-01 5.505224289901098356e-01
-1.438568761054124234e+00 -6.966558530318067710e-02
1.146086950188808018e+00 8.980919590426755805e-01
-3.015687715838001881e-01 -1.297564366268054492e+00
9.767252800933626800e-01 -2.451526825142089194e+00
-4.624181768966278971e-01 -8.833650863529052266e-01
1.212377568592783561e+00 6.686336649527595544e-01
6.936233679631965687e-01 -7.381536256417995379e-01
1.149316052293685386e+00 1.294131184165648207e+00
-2.466835240129770512e-01 -3.554828763403818925e-01
1.592187996866743782e-01 2.183748554622939597e-01
1.034676591648180155e+00 -1.076058390868531944e+00
4.171790034444027295e-01 -7.753227711739787420e-01
-5.162098655844046258e-01 1.207706190767449783e+00
-6.754642473511267287e-02 -6.956160090416267927e-01
1.478884836398533853e+00 1.419135703812214988e+00
1.279907012610561168e+00 5.736190182033445994e-01
-5.642082728899814326e-01 6.265904618382818203e-01
-8.263075021427339628e-01 1.667137332292445651e+00
-1.341045822387256337e+00 3.644122659889116100e+00
1.678295183813140135e+00 4.148222489748573105e-01
1.167183191534236775e+00 -5.155389606317115625e-01
1.198593469401042777e-01 3.046229062774085117e-01
-3.220155694062714069e-01 -5.395449723056522373e-01
-1.140086718675860311e+00 -1.115489341612631913e+00
-1.306612677314967774e+00 1.846454815376441516e-01
-6.981234297422399537e-01 6.223994573731587154e-01
-1.390154258708827140e+00 5.278854059047415337e-01
1.159459923192417002e-01 1.813336204353220849e+00
1.107771305313310917e+00 -1.515647759635604164e+00
-1.298895862645885968e+00 4.756209178618169275e-01
-1.183186940247682228e+00 6.038357698076752822e-01
9.494144692238206673e-01 1.815410146868644325e+00
7.541935794087539779e-02 2.470152283422308859e+00
-6.761421050370964858e-01 -6.161565786297282799e-01
-1.135933659916905869e+00 3.991674092095393034e-01
2.103902752896377459e-01 2.932499343302067629e+00
-4.260064944270212650e-01 2.822812064852286418e-01
1.365956937390476300e+00 1.473378192606734194e+00
1.662611464251251947e+00 8.625437768985054765e-01
1.122951575516520251e+00 4.927430456441786455e-01
1.717712082449637023e+00 2.681663258939004368e-02
1.110560389267053250e+00 1.032862269523658894e+00
1.230751122812596243e+00 1.258164875475570987e+00
6.408312748217778743e-02 4.258902872482623891e-01
1.039923758516865471e+00 2.532754032539561995e-01
1.652052382801710850e+00 -6.927146450941388256e-01
-1.300784188485422099e+00 2.020440076999808987e+00
2.350899763556579536e-01 1.527821871501305884e+00
6.593794483076867441e-02 -8.545089157725502815e-01
1.438105153083120813e+00 9.404124786604515229e-01
2.765592428179862450e-02 1.127169221336243199e+00
-9.365159529875487499e-01 -1.596201532845319404e-01
1.049664531475233309e+00 8.350057395356296208e-01
2.805377966719034277e-01 9.402266997785156954e-01
-8.972423759458726666e-02 4.970247220394283238e-01
-1.172917967401160722e+00 2.162329538158843434e+00
8.873679757726257167e-01 1.111097116965872988e+00
8.038590833491404686e-01 1.736916673771598529e-01
-1.545611433169095550e+00 1.877223489153500902e+00
7.356319914940888660e-01 8.760953546033085626e-01
7.359263155233093379e-01 2.893941581473590485e+00
4.062684790844603433e-02 2.291475241662727313e+00
1.115393421513572347e+00 1.438268032073914515e+00
1.562354084668411136e-01 -9.168534779002637247e-01
-1.244607872335105947e+00 -1.498690718077839490e+00
8.064649056201013133e-01 1.615317417557355362e-01
-7.687393512869654666e-01 1.143118052458484413e-01
-1.505502493780844109e+00 5.726359991215577150e-01
8.623853478934927486e-01 1.055631204132539747e+00
3.964495165714514435e-01 1.220016546304177218e+00
5.698962459973927475e-01 6.041201080321698669e-01
9.244523608805997883e-01 -1.569977679155371675e+00
1.471732309930690930e+00 9.346896428479339880e-02
-2.712861670487676791e-01 -4.750305622589133803e-01
1.083345486567879545e+00 8.471851889360071386e-01
1.484719108365027518e+00 2.033139487847489768e+00
-1.172335489454303215e+00 3.238122049624835852e-01
2.840263462409449713e-01 -2.559953060389470458e-01
1.084517600496393230e+00 9.809345053446163476e-01
-5.721320972177128539e-01 -4.267096397267576835e-01
1.394066255060752102e+00 -3.089076435224693107e+00
6.314809333343736064e-01 -3.522699554946171485e-01
-7.166780714598972590e-01 -1.053203043977961384e+00
1.523778772804887105e-01 -8.987813360728709178e-01
-3.118906043973279640e-01 9.143440205327919568e-01
6.674853500197696077e-01 3.373125806439766783e-01
1.121445467819370156e+00 -3.004586035954686096e-01
-8.294902281340389427e-01 9.956929874603795971e-01
1.687298001488365840e+00 -1.386683343150315606e-01
4.641581948317623496e-01 -6.470410576108558409e-01
1.520460346436161236e+00 1.411842624987003969e+00
-1.520052508681629666e+00 4.304012312990542211e-01
8.205153271566948403e-01 -2.992321808971279973e-01
6.538226071785849802e-01 -2.053034174323271621e+00
1.107206741031920405e+00 5.169040230997316021e-01
-1.514178726289123533e+00 3.249869120814712797e+00
-7.110552526089016778e-01 4.245804140051744335e-01
-1.209218391253276126e+00 1.644809463711475739e-01
-1.113783684561197251e+00 8.875560256378978163e-03
-1.264205824491569041e+00 8.052294569714862904e-02
-5.065086208526530243e-01 -9.950325971052831342e-01
1.607403040114332438e+00 4.336483382773134165e-01
-7.724587328220752225e-01 6.761067520205008563e-01
4.449276744184179067e-01 -1.293850742196042125e+00
1.283556568435492373e+00 3.156927211370976205e-01
-1.386467300428812610e+00 -3.807762437333894745e-01
7.756971878322704850e-02 -9.866669535299636973e-01
5.714613266418634430e-01 7.872069770396435962e-01
-2.185744294303622048e-01 1.230321654521196573e+00
1.714993989286967557e-01 1.375404147815999512e+00
1.494577244129400073e+00 1.441909277262460876e+00
-1.074274200943304391e+00 3.422815851794655639e+00
1.717637711118481736e+00 2.565083158813361575e-01
1.458445629297741686e+00 3.911116167011943756e-01
-8.008990875579145019e-01 1.253404491055924330e+00
-7.837916169360009677e-01 6.064536242666132004e-01
5.988446691681077461e-01 1.949150417578907613e+00
-1.289666344370628825e-01 -2.178634268880318414e-01
8.071390212603890557e-02 3.175166402804480148e-01
-5.853025241879049323e-02 -2.660708764789412317e-01
1.528207468065246433e+00 4.658828415206353046e-01
-1.611994209465259953e+00 7.896705384171984754e-01
5.927635213113740392e-02 -1.072843708252049444e+00
6.180941102462627068e-01 1.752006948343365900e-01
8.790983419124995812e-01 1.648865176291181234e+00
9.625233892952109738e-01 8.088722310788196701e-01
4.044869555531199756e-01 1.320008916863146364e+00
3.164172761647948695e-01 6.535574478482973904e-01
-1.406990109028329217e+00 1.965986598338327340e-01
1.283523637217205859e+00 3.496722625060102452e-01
1.721349385695099210e+00 1.207801929257915852e+00
5.825099658351804432e-01 8.295925694757748659e-01
3.899056772951416394e-01 1.090853332600972170e+00
6.104742547732890934e-01 -2.035614275265305029e-01
-1.532632304052079265e-02 -1.053131812203010886e-01
1.381075771398909691e-01 2.292439839450275962e-01
-7.121870371291679769e-01 1.345442305924821280e+00
4.612380004288743063e-01 -2.678305820802487913e-01
4.270516049439447293e-01 8.256856247515508285e-01
-1.022962975980074851e-01 1.644373025750297757e+00
-1.486625503965267825e+00 9.156598673533747901e-01
1.394314215265369805e+00 2.450389483508149113e-01
1.636553151696876762e+00 -1.175192273014955768e+00
6.739547057914803407e-02 1.901440929765991106e+00
-1.081664044893957621e+00 9.296026043777919634e-01
5.462559875033629053e-01 -1.234521310546078166e+00
8.249858700248597909e-01 1.097095817466687606e+00
-9.391978475519879854e-01 2.645059458843265765e-01
1.087417510182237868e+00 1.884080395635660654e+00
-5.450724591357319904e-01 2.780908882896122036e-01
6.818223786488210036e-01 7.133414155176867055e-01
-3.044629701485578321e-01 -2.038293448437393796e-01
-9.274289427911117656e-01 7.796269447564683208e-01
-8.102162882895575652e-03 1.741044198731799719e+00
7.372962190597633914e-01 7.800931366978173243e-01
1.629283046879747232e+00 2.227710705049280038e-01
-1.315172337578747852e+00 -1.068821521608535718e+00
-1.018440474982706262e-01 3.849617143433887279e+00
1.149846147754752801e+00 4.066513476308822872e-01
1.494950655369279735e+00 1.865920101668916864e+00
1.012413299383928322e+00 8.180590283870063928e-01
-1.411272465803199871e+00 1.098900605325888735e-01
-7.811381739182363670e-01 9.769276606288943565e-01
-1.171704492842992940e+00 -4.065897994282807737e-01
1.055480627486622858e+00 1.286163454380625515e-01
-1.270995406026457886e+00 1.727586420985965487e+00
-5.790080575899559934e-01 2.651745656345385616e+00
-7.081617145472565156e-01 8.580409624891647269e-01
5.986980760055465867e-01 6.107254786084498344e-02
-1.400185919462515027e+00 7.416635235252688751e-01
1.634794359098544092e+00 -1.474232903661401028e+00
1.411862035079411326e+00 6.551827795659246334e-01
-1.571789176867401050e+00 1.640985574432821226e+00
7.765673054568744682e-01 -1.790688393562066549e-01
-1.073414001000652318e+00 -6.065767989565717944e-01
-1.394016388237761861e+00 2.888265163304404748e+00
1.441815091015433037e+00 9.133906063355420324e-01
-1.699313428934005277e+00 -2.256748346163933716e-01
-6.636502913221501432e-01 -2.037099809413243090e+00
-1.362989832147915026e+00 -5.573607768925761263e-01
-5.493709139333157188e-01 8.441344353779931531e-01
9.459261719226976783e-01 -8.419115475437550788e-01
2.804289298256747998e-01 1.958986174504857125e+00
-3.849899044441412177e-01 2.436312844610046824e+00
-9.667241587260707592e-01 7.373632632434736767e-01
-9.356115340189843366e-01 4.733876670595847935e-01
-5.907143063278229300e-02 -1.185426186031593110e+00
1.119166130461693553e+00 5.715746567983541748e-01
7.356476390719444147e-01 -6.275928197165991929e-01
-4.469858360991387780e-01 6.703786478059442500e-02
-1.068212734141680276e+00 1.698575949214376601e+00
1.345897632249478448e+00 1.611352340757100876e+00
-3.952862348347611077e-01 -1.379853467938476630e-01
-9.143218008877580516e-01 1.211725883685898619e+00
6.977593177542197322e-01 8.708013755250714194e-01
1.357762589506785300e+00 4.450137515038729008e-01
-1.119772183421348322e+00 1.708507010784933389e+00
-8.693117628135872410e-01 7.143436761639752053e-01
1.618625017278665368e-01 -1.454777581830429822e-01
4.760652689008376681e-01 8.735834702404908780e-01
6.095236811376374408e-01 9.387744594006464105e-02
8.130324816752345640e-01 4.804261432508756258e-01
1.606799437011410037e+00 2.647301513039309606e-01
-1.097505336434819734e+00 8.035186588825729004e-01
-3.209407639253785693e-01 4.810804077580744798e-01
-7.613508487408440217e-01 1.595236544244955645e-01
1.566248368507529243e+00 -4.903821429597898796e-01
-1.374698494356717315e+00 5.122388125291841288e-01
1.303058003046410951e+00 1.535450754063068191e+00
-6.441812888106366319e-01 1.293128410560597796e-01
-1.020574112118150856e+00 1.400087554816148216e+00
3.886095630180028682e-01 -2.122421405827987773e-01
1.331408278105064458e+00 -4.078566902577372977e-01
1.163547465190044594e+00 1.212621335219099983e+00
1.253254287510468856e+00 -7.849062606914314344e-03
7.262741962759292624e-01 -6.333396013205667696e-01
-1.284991825989437730e+00 1.120736973287332350e-01
4.961171192662566787e-01 4.945092018675280032e-01
9.612280483881293636e-01 2.841325614910009900e+00
9.742231804518432237e-02 5.707143733791341100e-01
7.535165435647852572e-01 -2.743231968430023260e-01
-1.268705495538432260e+00 -6.120442763703095590e-01
7.215781701873630327e-01 2.568038643513598229e-01
4.747066105033787703e-02 3.039444570890925679e-02
1.508200761083769104e+00 -6.749257197534241914e-02
1.611593423342365883e+00 -4.386877668975314171e-01
-7.666778482445112397e-01 9.184820205596812004e-01
1.332194630545837866e+00 5.605771654616614752e-01
-1.703557875291229928e+00 -1.052300242101576133e+00
2.041567470949555985e-01 -1.055434074516486964e+00
-1.245839526032504141e+00 1.070595842462577219e+00
1.614009673741978013e+00 -3.618351601200919809e-02
-4.164936641144932894e-01 8.408024319927560608e-01
2.728001783904009936e-01 2.292300734120951144e-01
-9.534618687325077668e-02 4.194022095611888989e-01
1.457538023428944784e+00 -2.967785839624057509e-01
1.607185039673402205e+00 1.678835496287032436e+00
-4.862036746876770010e-01 1.408852319940362419e+00
1.523184119077618248e-01 2.675706045861572235e-01
1.028101566118562626e+00 -5.385830473261559170e-01
2.516133855671942032e-01 1.221710094581088146e+00
-8.478836349945293449e-01 -3.091596668272182935e-01
-1.126480211207876170e-01 -2.292992836412108826e-01
1.099535675013806335e+00 -3.743836597306076097e-01
-7.626297502343661883e-01 -2.434765612988238903e-01
-1.277082675286820512e+00 -1.240879923996496714e+00
-1.622934327081482664e+00 1.547658659730668962e+00
-6.354302687957675833e-01 2.523306845243235230e+00
-3.872533418823880247e-01 -1.251996888087847593e+00
9.858619965507742222e-01 1.156244124045408661e+00
5.427601184701966730e-01 -3.588456085305803400e-01
-9.178888337238781947e-01 6.514981480297294958e-01
8.377966103635493544e-01 -1.643587180108135648e+00
1.381415724187823324e+00 9.971475305387624832e-01
1.103313884482770291e-01 2.255784422364027209e-01
-1.324617023477495215e+00 1.749808290797598920e+00
1.645820190900272761e+00 -1.094470775112821315e-03
8.750736996994128436e-01 9.361746240789594609e-01
-1.370279477760811382e+00 6.908502494653732118e-01
-9.656873190863233258e-01 6.417257971701817443e-01
-1.933566366351427337e-03 3.719429496580259897e-01
-7.720839074766546739e-01 1.792767663661062327e+00
-2.422035229575117757e-02 1.774507299506437041e-01
4.334005924641998186e-01 1.528043528054720879e+00
1.428021989196390562e+00 8.656364430672482957e-01
3.872867423208039006e-01 -6.269986529567079803e-01
-1.543297868175497856e+00 2.692544328634782769e+00
1.469616203667470034e+00 1.044855652727641360e+00
-7.055448376545140343e-01 2.512661621870816653e+00
-3.899101850754162490e-01 2.218384451822981163e+00
2.230219653702357197e-01 2.890547951348140243e-01
-4.829328531181770190e-01 -1.262004657972171096e-02
-1.199858467469955059e+00 3.650868943233191999e-01
1.269697681115579568e+00 5.608937049489709503e-02
-1.197509545515740292e+00 9.310293339685304925e-01
4.771179852935782950e-01 4.340251051051711717e-01
8.813392779235372509e-02 -5.260384846919925472e-01
-3.394140301836325868e-01 -1.088650928194512257e-02
-6.322292129728442900e-01 -1.068807596871945709e-02
-1.923115338179718914e-01 2.190583527205882119e-01
-7.702383080368703228e-01 1.657667796999255039e+00
1.287860375500414101e+00 1.070010637276269883e+00
2.794209713622846161e-02 1.568112699755684458e+00
1.186510466492124216e+00 1.310961407048374383e+00
1.423221624219670023e+00 3.337317681788509738e-02
5.190180419833471115e-01 7.183442891202695968e-02
-6.803068943118802947e-01 5.116764776202892273e-01
7.035096255226559459e-01 1.507927543456711428e+00
-1.408385069471342899e+00 1.998572330637403138e-01
-1.216524983180590214e+00 -1.960997635557969687e+00
-1.353783809404963456e+00 1.666499381281146608e+00
8.674650568063383416e-01 1.620452970301193618e+00
-4.454353449724023362e-01 -6.976280819897915375e-01
-1.092635053383818722e+00 -4.400567621008483199e-01
3.047048328100898304e-02 9.823130491949255694e-02
1.581557551561502795e+00 7.871517759996291552e-01
9.870600611645438116e-01 9.045477754461855868e-02
-1.209585393737489856e+00 -4.133819292839258086e-02
2.933169890490993081e-01 -5.677374970095576678e-01
-1.725871391483683404e+00 -6.630030738918994970e-01
-5.830952367393764657e-01 1.637907136402235952e+00
5.848986043348096686e-01 1.122290189414530737e+00
9.126504107183160963e-01 8.853569614273056887e-01
1.468201092464933355e+00 -2.012365651843751824e+00
-1.016352151230532214e-01 1.068701107859457267e+00
-9.364836053044941488e-01 -2.541607888325174702e-01
-1.288777612386800442e+00 4.082811996880016392e-01
-8.258715550516544379e-01 1.047041161692070954e+00
-3.050569970561321509e-01 6.894850864653385702e-01
-5.293469439834934676e-01 9.946028832342137527e-01
1.695000828232973156e+00 -1.168587101606071155e+00
1.359941717572184183e+00 2.441865414798193967e+00
-2.398163089229190803e-01 -1.130178195088822335e-01
1.046535639413341823e+00 1.736955763175377143e+00
7.637531899836855764e-01 9.807483584553915446e-01
1.065637008227172222e+00 7.668269828132628918e-02
-4.815839847050057410e-01 1.876708159245223717e+00
1.303659421929079576e+00 8.210130878963068923e-01
-1.379543882062496785e+00 -9.809276727335245472e-01
-1.682068954764366353e-01 1.311727964158855841e-01
8.606803982451161072e-01 -2.374819574265288891e-01
8.162768677003486850e-01 7.211627689428871113e-01
-6.819902631766134871e-01 2.830725677846561150e-01
-3.875667635659111876e-01 7.356483440436197840e-01
-2.827976838914136315e-01 1.045123526560279847e+00
1.380462694764105880e+00 -4.429596851854007422e-01
-1.355328473862670968e+00 -1.540010059091779127e+00
-1.255421545367518543e-01 1.101186023575243311e+00
1.612820255036472528e+00 -6.636726626388040895e-01
-1.086465120121683503e+00 -5.436476590342387283e-02
9.262683337700708952e-01 1.934262497528176583e+00
1.119169255747498370e+00 2.173271174974007458e+00
6.723424872178814793e-01 -3.541828362661134655e-01
-1.614830399574058717e+00 -2.455948008491559698e-02
8.892885703400742470e-01 2.901042453222713924e+00
-2.410301249971069648e-01 1.106825589869567250e-01
-1.694640978651893004e+00 -1.281587361994478425e-01
-3.545541149479971010e-01 -4.580321703823092561e-01
1.652653517457384869e+00 1.471089888909791643e+00
-1.616425217974923223e+00 1.858719934065309998e+00
-6.960235234694321926e-01 1.438796173679954382e+00
3.677242995862207708e-01 -5.643717454988057547e-01
4.140324886015200878e-01 -1.211591320404401539e-01
-1.700499213004442067e+00 1.108075940756937161e+00
-8.062067362086734468e-01 1.422840787704200971e-01
1.357700089064799220e+00 1.693875869397060585e+00
-1.458481974274882909e+00 1.253073468597927453e+00
1.284811896450527735e+00 -7.834141915479078122e-01
1.624152404562162699e+00 1.143895806488779865e+00
-1.466841970739741541e+00 -9.730923429033131455e-01
-6.961213659342307958e-02 4.190254754066119469e-01
1.905420170929121026e-01 1.641909937510261042e+00
1.472723215253034956e+00 4.840980839585323769e-01
-7.352966190908278854e-01 1.952666211562622545e+00
8.501045224960255275e-01 2.563912354623245182e+00
1.944630701497417069e-01 5.760542636060549393e-01
-1.267506337458054855e+00 7.562734799369452698e-01
-7.406383252371945281e-01 1.162734531273293292e+00
-1.609494151189897915e+00 -5.850961479191241210e-02
1.164718249648801107e+00 1.214710395007751575e+00
1.829113422350730767e-01 1.894530718885362175e+00
7.817664082974054018e-01 3.682311044198404160e-01
1.327722985880199769e+00 9.904669851225144095e-01
1.538596426503736625e+00 5.190805296964217108e-01
6.883560813425916303e-01 3.642117114953346002e-01
1.670122076397877242e+00 -1.149431967342060101e+00
1.372498324677754900e+00 7.108424069134100520e-02
-1.550671019597675837e+00 -1.710674038240901140e+00
1.253542486264862754e+00 -2.391509199070529501e-02
-5.177776377971283761e-01 -9.743677306537246174e-01
1.595579363311220522e+00 1.370882443223901959e-01
5.706937676264625114e-01 5.946330597584437161e-01
-1.410845982164913748e+00 1.161051899259372799e+00
-1.081799973148275251e+00 4.133804415488053219e-01
1.692670085260004620e-01 1.406139307921612236e+00
-1.530332730682299802e+00 -1.245632481414126191e-01
-5.073300964826338300e-01 -7.872505294081955096e-02
6.183253697827365558e-01 -1.145652416337137547e+00
3.564671319038647535e-01 1.739579751013407449e+00
6.893671484110347469e-01 1.044775556515021631e+00
1.615097728804235855e+00 7.774119876412108887e-01
3.634109869368489787e-01 1.588497316201597176e+00
1.454540819497746496e+00 -9.983805800127290020e-01
6.087307206633403300e-01 3.161923500620135719e-01
-1.389389161047628884e-01 -4.926491580118372848e-01
-5.305798122537422890e-01 -4.027185163555061509e-01
-2.270053950787756791e-01 -5.881478415048349007e-01
-1.055556087636192242e+00 -4.649582964125852369e-01
-1.365921924555379086e+00 4.212442981391018582e-01
-1.285238184272982975e+00 2.571173227979336451e-01
9.768845615927258530e-01 4.961408845371677034e-01
-3.965727755744546945e-01 4.534709678504638686e-01
6.461488034282553139e-01 9.606775552465562917e-01
-4.503884095656855990e-01 4.686201483367902210e-01
-1.674081011432028143e+00 -2.021262778586624620e+00
-1.482024332955343415e-01 -3.013774955148570411e-01
-1.729487253664044433e+00 2.817852063107251226e-01
1.278767136815509575e+00 -7.090924795578072981e-01
-1.023110788600710919e+00 -5.415698267148645328e-01
8.061884636353242595e-01 1.811118956365474819e+00
1.254850338077669658e+00 -1.583805057690332863e+00
9.944904328446473318e-01 1.796205108490541491e+00
-4.349878318412788158e-01 1.271007093065809945e+00
-1.726158220020427292e+00 2.690127078364233260e+00
1.534148000202764761e+00 -4.698711047166281851e-02
-1.690472971854778184e+00 -1.081102751768943104e-01
5.656098555057230692e-01 3.856538838471371133e-01
1.606029674101250748e+00 8.862519797024448476e-01
-5.312724718609965757e-01 3.384612157618589467e-01
6.212632234490295287e-03 1.901753501555005776e+00
-1.398025679785540376e+00 -1.647770836767333602e+00
2.087701123305413242e-01 -7.546823942284468512e-01
-3.349938861945757629e-01 2.394468610247932894e-01
1.414903090521040241e+00 5.075123183748111444e-01
-6.277187757118880829e-02 9.115069957989705429e-01
-3.420668697189768043e-02 9.927261598399383935e-01
-1.340290243196464726e+00 1.536113362035339769e+00
-1.402696829049849825e+00 -7.088000761537649463e-02
-1.645023100561373131e+00 1.523896903256141355e+00
-1.237157486982158661e+00 8.884265999254730151e-01
-1.463237142462565643e+00 2.263268569531998953e+00
-1.343775219960915202e+00 1.470000812263755119e+00
6.848430887766013830e-01 9.875954774895148169e-01
1.083651537977841306e+00 -3.017668982624486240e-01
-1.090549796537228389e+00 7.178688303561335804e-01
-1.374416755271319568e+00 -1.345118047165787534e-01
3.977731473687936004e-01 4.755388266665643848e-01
8.622485657967383643e-01 -1.758167411281346126e-01
2.703843869023859758e-01 1.374607632720173722e+00
5.732033321022950156e-01 -2.842815414548810482e-01
-7.865915142846898744e-01 1.075700928194197381e+00
7.572248908138248802e-02 -6.524409405831486097e-01
-8.634814588084431808e-01 2.961481909747780694e-01
8.277023244669781121e-01 7.264977853041961753e-01
1.364202751174706796e+00 1.599293520351460884e+00
1.705321765271229806e+00 5.852335211184560571e-01
1.254944059457606675e-01 1.883026318597379900e+00
-4.714879773185069456e-01 -6.573721972121646662e-01
-9.244578949194728335e-01 2.550415774679196890e+00
1.176015632804326000e-01 -1.252403425935411097e-02
1.619183734013798504e-01 6.134274631187013327e-01
2.542722500888548454e-01 6.981979636994035676e-01
-3.474499766161106562e-01 -2.458771588685845222e-01
1.697740383666028086e+00 5.649249350954977933e-01
4.645638672670334146e-01 2.575066958096629555e-01
1.421456776646765174e+00 1.218167143763116744e+00
-1.152233307000753326e+00 -8.342037336346634913e-01
1.511827552369300776e+00 -1.139786069841253191e-02
-5.630567159495233343e-01 7.651196287000701091e-01
-1.486066836257171397e+00 2.358321861292474786e+00
1.316160295801314550e+00 2.061708642078606157e+00
-8.297371490099848812e-02 6.881125155639294944e-01
-5.897146609901523506e-01 -5.524743767285613671e-01
1.217216448433112275e+00 2.152810106104368515e+00
7.743796939590913420e-02 1.894949690405063891e-01
-8.811334773951645660e-01 -3.420158218123541261e-01
-9.952387730073594119e-01 1.918133732717284823e-01
1.646275576369164995e-01 1.024287482056829290e+00
-5.017420107398919971e-01 2.961567771690458151e-01
-3.663811443331576601e-01 1.528362059964009756e+00
-1.316226521110658076e+00 -2.760668051478082363e-01
1.221535803000438181e+00 9.819635160967055132e-01
8.412126115599602993e-01 -3.959849614279147278e-01
1.485589551426398813e+00 7.348032451819185296e-01
-1.254514217591034209e+00 1.133528556334680637e+00
-3.972871439587722375e-01 -4.536839921335032999e-01
1.008697552224052885e+00 2.026981995169870210e+00
3.883035784353733311e-01 1.755918189459788059e-01
6.108777989876867931e-01 1.166272902017665647e+00
-1.107339182481214435e+00 2.716601604384406343e+00
8.461226085532401742e-01 1.410334479192123736e+00
-1.717593547411254029e+00 7.336552289509092883e-01
4.722060573763634528e-01 8.310046186082953312e-01
1.531972103596203616e-01 1.588092131622906300e-01
1.120782411027458764e-01 -8.675157001644582255e-01
-1.069241857779766436e+00 2.238787457209820420e-01
5.814601284393771108e-01 -2.876221258607239983e-01
1.026871791646652765e+00 6.081846090488489676e-01
-9.862827709464536685e-01 5.248166406315677435e-01
-1.464948020075358626e+00 -8.619768884538570042e-01
3.827405626320311005e-01 -3.849021412880101467e-01
1.084135738942080041e+00 8.254600312811588569e-01
1.038482788992012074e+00 2.724452485044162042e-01
8.213169317198487640e-01 4.916821604048475236e-01
6.869125663090958067e-01 1.794293247495064025e-01
7.368442892961225565e-01 1.215244921348563434e+00
3.282351675359533871e-01 1.458015314983132971e+00
1.195284486211749542e+00 1.470401438111213377e+00
1.154857216558646815e+00 8.071275678584565183e-01
1.159515474505935950e+00 2.056413866997999773e-01
8.351006256681874351e-01 1.893034791569044306e-01
-7.898601977393299167e-01 -6.982466500194126624e-01
-7.698443451138349269e-01 1.835975924895659306e+00
4.421160989606658376e-01 -5.842500301252611106e-01
9.182574060064693788e-02 1.811736169400873564e+00
1.377049435133087529e+00 -7.826429703122113057e-01
4.243770760690251942e-01 1.066414241740307300e+00
-3.132325640771813635e-01 -1.213835708573527405e-01
1.496953738287774671e+00 2.278043115635445814e-01
-1.818867162665520898e-01 -3.892736139191990130e-01
-3.362481193614292874e-01 1.392124209562623616e+00
1.664144581726545669e+00 1.156743542657406643e+00
2.929520364963269508e-01 -4.242718982166324704e-01
1.065928356664569865e+00 5.163703928166205603e-01
-7.649066138371674040e-01 1.108899562618554491e+00
2.175302328464459034e-01 -9.052809121625362554e-01
1.432519430126321991e+00 1.669064088732483686e+00
-8.828101039196781796e-01 2.705688760216777844e-01
-1.164768857038291916e+00 1.525788784065723602e+00
1.351270604669969844e+00 1.757049689461084307e+00
-8.484186626597063352e-01 8.511300418243481491e-01
-1.068961460181348189e+00 4.266393613675798946e+00
